0.000000
0.000000
51.321529
51.321529
51.321529
56.208195
59.548622
62.027042
63.869194
65.282677
66.480522
67.403610
68.287354
68.960762
69.512024
69.983902
70.298767
70.333382
70.333382
70.333382
70.333382
70.482094
70.586571
70.776421
71.073204
71.214928
71.418365
71.561470
71.802971
72.014977
72.186531
72.437523
72.500542
72.595284
72.716698
72.806702
72.918182
73.019348
73.056694
73.238609
73.346046
73.437614
73.524002
73.572693
73.740875
73.822533
73.877068
73.986389
74.052132
74.085052
74.145470
74.145470
74.161972
74.167473
74.167473
74.200493
74.211502
74.211502
74.211502
74.244560
74.244560
74.283165
74.354973
74.388161
74.432449
74.504547
74.548981
74.565659
74.565659
74.615730
74.632439
74.632439
74.649147
74.649147
74.649147
74.621300
74.593468
74.471252
74.454620
74.454620
74.454620
74.465706
74.465706
74.471252
74.493446
74.493446
74.504547
74.560097
74.766357
74.777534
74.805504
74.844696
74.850296
74.867111
74.867111
74.883926
74.900757
74.951279
74.951279
74.951279
74.855904
74.682602
74.582336
74.543419
74.543419
74.504547
74.504547
74.526756
74.526756
74.504547
74.504547
74.493446
74.482346
74.460167
74.460167
74.460167
74.460167
74.460167
74.316292
74.316292
74.316292
74.338387
74.338387
74.338387
74.327339
74.266617
74.250076
74.250076
74.250076
74.250076
74.277649
74.277649
74.250076
74.200493
74.128983
74.030205
73.975441
73.926224
73.882530
73.860703
73.822533
73.773514
73.664825
73.594345
72.317039
65.333855
56.960583
48.550758
39.889904
31.504993
23.813492
17.413715
12.544533
0.000000
0.000000
0.000000
0.000000
0.000000
0.000000
36.950817
48.026127
54.162380
58.109127
60.591373
62.460960
63.844730
64.926636
65.819786
66.445183
67.118599
67.709389
68.157036
68.540092
68.775787
68.908493
68.989304
69.032166
69.127609
69.338509
69.405884
69.550705
69.579735
69.749596
69.998604
70.086906
70.209930
70.219788
70.279007
70.363075
70.363075
70.482094
70.492035
70.516891
70.516891
70.482094
70.516891
70.521858
70.506943
70.536781
70.556694
70.556694
70.566650
70.566650
70.566650
70.492035
70.482094
70.407661
70.407661
70.407661
70.407661
70.407661
70.407661
70.402702
70.407661
70.427498
70.442375
70.452301
70.457268
70.551712
70.576614
70.596542
70.616486
70.656395
70.796463
70.796463
70.796463
70.776421
70.691360
70.661392
70.661392
70.661392
70.661392
70.671379
70.671379
70.686363
70.701355
70.711357
70.731361
70.746376
70.756386
70.781425
70.932045
70.932045
70.932045
70.911926
70.771408
70.741371
70.731361
70.711357
70.711357
70.711357
70.711357
70.726357
70.726357
70.771408
70.811501
70.816513
70.831566
70.841599
70.932045
70.957214
71.037865
71.047958
71.083313
71.169312
71.169312
71.169312
71.143997
71.017685
70.942108
70.937080
70.937080
70.921989
70.876747
70.876747
70.876747
70.881767
70.881767
70.886795
70.886795
70.886795
70.886795
70.876747
70.866699
70.866699
70.846619
70.826546
70.786438
70.766403
70.706360
70.666382
70.666382
70.646416
70.621468
70.581589
66.600067
57.740055
48.647598
39.535069
30.838499
23.013901
16.849768
12.034418
0.000000
0.000000
0.000000
0.000000
43.194679
51.450916
56.388859
59.737156
62.196789
63.873276
65.303993
66.251488
67.073578
67.681892
68.180267
68.653030
69.079857
69.372185
69.720421
69.993698
70.372978
70.776421
71.027771
71.347031
71.454094
71.592209
71.839081
71.839081
72.004608
72.014977
72.025352
72.108452
72.108452
72.108452
72.108452
72.113647
72.113647
72.144867
72.270004
72.348427
72.411293
72.526833
72.558411
72.637466
72.753731
72.785500
72.806702
72.811996
72.886299
72.960747
72.960747
72.960747
72.918182
72.811996
72.764313
72.759026
72.721985
72.721985
72.721985
72.732559
72.811996
72.838516
72.896927
72.934143
72.960747
73.024681
73.062027
73.083389
73.083389
73.088730
73.088730
73.088730
73.088730
73.088730
73.030014
72.880989
72.880989
72.880989
72.944778
72.998032
73.056694
73.083389
73.083389
73.152893
73.243973
73.249344
73.249344
73.265442
73.286919
73.459190
73.561867
73.561867
73.561867
73.410660
73.324532
73.286919
73.104759
73.099419
73.062027
73.062027
73.062027
73.067368
73.179657
73.281548
73.286919
73.405273
73.469986
73.599762
73.681107
73.681107
73.681107
73.621437
73.621437
73.621437
73.610603
73.610603
73.610603
73.545631
73.534821
73.524002
73.480782
73.453796
73.443008
73.443008
73.443008
73.556458
73.659401
73.691971
73.795288
73.827980
73.887985
73.887985
73.887985
73.838882
73.702827
73.616020
73.616020
73.583519
73.583519
73.583519
73.583519
73.621437
73.621437
73.621437
70.106560
62.084808
53.717232
45.242725
36.859566
28.821766
21.750479
16.201679
12.004946
0.000000
0.000000
0.000000
0.000000
0.000000
0.000000
0.000000
0.000000
0.000000
0.000000
10.003101
41.486889
50.774307
56.465275
60.331825
63.067608
65.210304
66.644455
67.856415
68.827858
69.565216
70.101646
70.482094
70.816513
71.103523
71.362305
71.566589
71.751450
71.880394
71.968330
72.202164
72.301353
72.437523
72.605820
72.753731
72.902237
73.062027
73.158241
73.168945
73.168945
73.195724
73.297661
73.329910
73.329910
73.329910
73.260071
73.243973
73.243973
73.243973
73.254707
73.286919
73.383720
73.405273
73.432220
73.464592
73.491585
73.502388
73.588936
73.594345
73.594345
73.588936
73.524002
73.459190
73.362190
73.233246
73.190369
73.179657
73.158241
73.136841
73.136841
73.158241
73.195724
73.243973
73.329910
73.459190
73.572693
73.653976
73.659401
73.675682
73.675682
73.697395
73.675682
73.626862
73.605179
73.529411
73.469986
73.340668
73.319160
73.319160
73.319160
73.416046
73.416046
73.496986
73.588936
73.626862
73.730003
73.778961
73.795288
73.838882
73.860703
73.860703
73.866158
73.866158
73.866158
73.757195
73.670250
73.637703
73.610603
73.578102
73.572693
73.572693
73.572693
73.594345
73.610603
73.632278
73.659401
73.659401
73.670250
73.735435
73.735435
73.735435
73.713699
73.588936
73.551041
73.513199
73.507790
73.469986
73.346046
73.324532
73.324532
73.324532
73.346046
73.448402
73.459190
73.599762
73.599762
73.599762
73.551041
73.329910
73.254707
73.190369
73.072708
72.886299
72.737854
72.621643
72.605820
72.605820
72.616371
72.616371
72.621643
72.621643
72.616371
70.861679
63.387424
55.002476
46.496490
38.002583
29.899836
22.734507
17.007092
12.760473
0.000000
0.000000
0.000000
0.000000
0.000000
0.000000
0.000000
0.000000
0.000000
0.000000
0.000000
13.326581
42.611214
51.883366
57.780090
61.789421
64.758453
66.800270
68.320007
69.454094
70.358124
71.078255
71.643501
72.020164
72.306580
72.437523
72.511055
72.532097
72.626915
72.674416
72.748436
72.759026
72.796097
72.891609
72.960747
73.104759
73.222527
73.260071
73.383720
73.421440
73.421440
73.421440
73.319160
73.265442
73.227882
73.217163
73.185013
73.185013
73.185013
73.185013
73.222527
73.356804
73.540230
73.599762
73.632278
73.653976
73.659401
73.691971
73.740875
73.751755
73.860703
73.871613
73.964500
73.991859
73.991859
73.991859
73.942619
73.942619
73.942619
73.909828
73.904366
73.904366
73.893448
73.887985
73.887985
73.887985
73.904366
73.942619
73.948090
73.997337
73.997337
73.997337
73.997337
73.959030
73.959030
73.997337
74.057617
74.057617
74.057617
73.997337
73.964500
73.948090
73.871613
73.855247
73.855247
73.855247
73.871613
74.024727
74.024727
74.024727
74.002815
73.882530
73.735435
73.610603
73.502388
73.351425
73.211800
73.056694
73.024681
73.024681
73.003357
73.003357
73.030014
73.104759
73.126144
73.217163
73.324532
73.356804
73.437614
73.524002
73.545631
73.653976
73.838882
73.866158
73.931686
73.959030
73.969971
73.959030
73.959030
73.959030
73.904366
73.904366
73.904366
73.855247
73.844337
73.844337
73.844337
73.844337
73.855247
73.915291
73.942619
73.942619
73.969971
73.969971
73.969971
73.969971
73.969971
73.953560
73.887985
73.838882
73.833435
73.833435
73.795288
73.740875
72.124054
64.930847
56.734371
48.437878
40.075340
31.969309
24.600851
18.329117
13.544629
10.497696
0.000000
0.000000
0.000000
0.000000
0.000000
0.000000
0.000000
0.000000
0.000000
0.000000
0.000000
23.330145
45.407074
53.607807
58.969219
62.719517
65.462166
67.572136
68.951248
69.969215
70.791451
71.438774
71.932098
72.285675
72.600555
72.785500
72.870361
73.088730
73.265442
73.480782
73.605179
73.643127
73.691971
73.817078
73.844337
73.964500
74.107010
74.145470
74.228027
74.283165
74.316292
74.316292
74.327