Nous sommes dans le thread1
Nous sommes dans le thread2
0.6
1.5
2.2
3.0
3.9
4.7
5.6
6.6
7.6
8.2
9.2
9.9
10.4
11.6
12.1
12.9
13.6
14.4
15.0
15.4
15.5
15.5
15.7
16.0
15.9
15.9
15.6
15.4
14.8
14.6
14.6
14.6
15.0
14.7
14.8
14.7
15.1
15.2
15.4
15.6
15.8
15.4
15.2
15.1
15.2
15.1
15.1
15.5
15.9
16.4
16.1
16.1
16.1
16.2
16.5
16.1
15.9
15.6
15.6
15.6
15.6
15.9
15.9
15.8
15.9
16.0
16.4
15.9
15.9
15.4
15.7
15.8
15.9
15.7
15.9
16.2
16.5
17.0
16.9
17.4
17.2
16.3
16.0
16.1
15.8
15.6
15.6
15.8
15.9
16.4
16.2
16.4
16.5
16.5
16.4
16.8
16.4
15.9
15.9
15.2
15.6
16.6
17.0
16.6
16.7
17.0
16.6
16.6
16.5
16.4
16.6
16.3
16.2
16.4
16.2
16.0
16.4
16.7
16.7
17.1
17.0
16.6
16.6
17.2
17.5
17.3
17.8
18.0
18.1
18.2
18.1
18.2
18.0
18.2
18.3
18.4
18.5
18.0
18.2
18.1
18.3
18.2
18.3
18.1
17.7
17.7
17.5
17.2
17.1
16.6
16.4
16.5
16.6
16.2
15.9
16.0
15.6
15.6
15.6
15.9
16.0
16.1
15.8
15.7
15.8
15.8
15.6
15.6
15.4
15.6
15.7
15.4
15.6
15.6
15.8
15.4
15.6
15.9
15.9
15.8
15.9
16.0
16.5
16.8
17.0
17.2
17.4
17.5
17.9
18.4
18.5
18.5
18.5
18.4
18.1
18.1
18.1
18.1
18.2
18.4
18.1
18.0
18